# filename = 'record_00.wav'
# [RIFF] (88236 bytes)
# [WAVEfmt ] (16 bytes)
#  Data type = 1 (1 = PCM)
#  Number of channels = 1 (1 = mono, 2 = stereo)
#  Sampling rate = 44100Hz
#  Bytes / second = 176400
#  Bytes x channels = 4
#  Bits / sample = 16
# [data] (88216 bytes)
     0
     0
     0
     0
     0
     0
     0
     0
     0
     0
    -1
     1
    -1
     1
     0
     0
     2
    -3
     5
    -8
    10
   -12
    13
   -10
     0
    28
    88
   209
   140
   206
   109
   335
   153
   117
   246
    81
   294
   110
   315
   127
   253
    72
   129
   200
     9
   311
  -126
   146
  -215
  -275
  -343
   -86
    61
  -185
   253
    -2
    13
  -158
   -31
  -157
   112
   -82
  -191
    16
  -281
   -24
  -112
   -11
  -159
   111
  -177
   -12
    99
  -156
   -21
  -152
   152
   -37
   156
   -42
   114
   194
   269
   240
    98
   261
   -51
   190
    -5
    82
    13
    57
   -29
     8
   -57
  -155
   164
  -169
    51
   -48
   -15
   -92
   -42
   -31
    92
   -31
  -142
   293
   -34
    23
   -31
   221
   134
   300
   229
   136
   187
   -44
   283
    23
   352
   202
   196
    89
   119
   248
    90
   235
   226
   355
    87
   354
    62
   314
   327
   239
   420
   260
   337
   136
   383
   179
   469
   245
   286
   320
   100
   259
   234
   329
   176
   456
    85
   316
   235
   263
   452
   348
   478
   232
   382
   229
   419
   233
   400
   415
   362
   293
   216
   431
   205
   460
   295
   437
   228
   350
   326
   217
   397
   302
   433
   179
   341
   201
   363
   296
   371
   299
   318
   347
   104
   388
   247
   456
   158
   413
   321
   307
   358
   242
   492
   329
   670
   413
   553
   371
   322
   238
   200
   292
   273
   322
    82
   427
   107
   391
   340
   421
   481
   245
   269
   224
   380
   199
   552
   199
   297
   337
   303
   340
   383
   569
   268
   540
   347
   494
   386
   301
   498
   438
   372
   304
   363
   342
   358
   223
   501
   398
   529
   272
   238
   381
   279
   432
   214
   461
   232
   463
   238
   372
   485
   257
   465
   296
   383
   202
   433
    60
   337
   321
   299
   435
   242
   461
   277
   530
   267
   433
   261
   415
   358
   238
   452
   295
   423
   188
   407
   196
   398
   247
   312
   366
   312
   363
    80
   480
   304
   451
   262
   345
   315
   314
   265
   185
   472
   230
   413
   281
   355
   192
   381
   215
   231
   404
   311
   493
   127
   399
   236
   430
   290
   210
   266
   287
   412
   208
   464
   284
   393
   297
   513
   332
   350
   336
   167
   451
   345
   451
   221
   445
   257
   358
   295
   263
   405
   254
   325
   177
   384
   249
   463
   298
   349
   251
   281
   340
   198
   450
   150
   429
   206
   217
   188
   316
   280
   195
   419
   211
   369
   186
   381
   263
   329
   237
   265
   231
   124
   301
   233
   509
   222
   353
   231
   284
   103
   118
   243
   106
   302
   144
   398
   109
   295
   303
   356
   309
   262
   388
   230
   348
   199
   423
   125
   287
   182
   247
   326
   206
   318
   240
   436
   204
   587
   451
   609
   573
   610
   695
   506
   665
   375
   635
   466
   594
   552
   663
   688
   602
   522
   526
   741
   416
   740
   574
   696
   491
   569
   546
   441
   693
   434
   690
   463
   499
   309
   488
   390
   227
   358
   331
   335
   153
   366
   258
   405
   263
   517
   435
   400
   491
   382
   585
   424
   634
   473
   553
   460
   412
   471
   474
   361
   486
   485
   223
   549
   141
   419
   353
   190
   274
   338
   207
    65
   428
    82
   398
   200
   276
   236
   271
   299
    72
   438
   239
   374
   122
   268
   259
   337
   228
   232
   405
   195
   282
   -54
   142
    -4
   199
   -14
    65
   177
    19
   178
  -111
   115
    59
   167
  -166
   134
     2
   -60
   121
  -146
   109
   -99
    37
  -102
     1
  -111
   128
   -74
  -211
    45
  -132
    -3
   -46
   238
   -89
   186
   -45
   -24
   179
   -71
    36
   -60
   104
   -35
   228
   -78
    57
    29
    63
    93
   -51
   143
  -153
    85
   -92
    91
    -8
    88
    -2
     5
   188
   -58
   126
   -67
   113
    12
   108
   -91
   -16
  -117
   -36
    89
  -234
   203
   -69
    83
    16
   101
   -68
    -4
   131
   -72
   138
    -3
   190
    59
   196
   -12
   243
   174
   -23
   151
   117
   133
   -84
   191
  -140
    88
  -148
   -58
   183
   -59
    88
     9
   120
   -26
   167
   -74
    93
    73
    26
   105
    64
   136
    -2
   124
   -66
   138
   -42
    86
   -35
    26
   114
    72
   246
   -82
   184
    16
   147
   -26
    26
    57
    81
   145
   -34
   225
     5
   135
   -12
   113
     8
   137
    95
    57
   178
   -42
   179
   -78
   158
    48
   142
    38
    39
    42
    -7
   150
   -61
   132
   -74
   213
    -7
    91
   166
    65
    81
   -73
   132
   -40
   162
     7
    83
    67
    28
    24
   108
   108
    75
    55
   -94
   207
  -220
    18
    17
   169
   152
   -22
   188
    -8
   209
   -50
   157
    -2
    80
    50
    58
    87
   -45
   159
   -95
   157
   -61
   155
   -48
    22
    78
  -112
   105
   -32
   130
     3
   223
    40
   133
    -9
   142
    83
   -79
   209
    -5
   226
    34
   262
    53
   138
    52
   -23
   118
    -9
   202
    17
   180
   -39
   190
     0
   103
   136
    45
   128
   -75
   151
  -112
   180
    23
   163
   109
   146
   135
   -26
   125
   -25
   213
  -112
   107
    10
    97
    64
     7
    53
    79
   265
   -24
   197
     6
   114
   -57
   117
    90
    20
   155
   -21
   110
   -27
   142
   -77
   134
    30
    71
  -180
  -349
   -56
  -210
  -147
  -356
  -106
  -195
    52
  -201
  -323
  -281
  -391
  -198
  -231
  -106
  -308
    -2
  -328
  -144
  -191
  -214
   -61
  -243
   -80
  -307
   -77
  -300
   -53
  -180
   -21
   -56
  -267
    74
   -70
    93
  -142
    34
    34
    93
    -9
    46
   -71
  -141
   -89
  -363
  -200
  -376
   -74
  -207
  -193
  -261
  -133
   -84
   -64
    36
  -255
    71
   -40
    29
  -230
     9
   -59
   -49
    97
   -91
   188
   -87
    87
     3
   167
   -18
    89
   220
    -8
    66
    37
   182
    16
   173
  -107
   205
   187
    93
   121
    82
   165
     3
   310
    -7
   367
   254
   210
   229
   223
   229
    43
   261
   143
   426
    69
   290
   200
   183
   200
   134
   399
   238
   341
   118
   346
   143
   323
   200
   201
   478
   295
   323
   108
   316
   206
   252
   236
   318
   172
   226
   317
   190
   290
   247
   226
    31
   364
   109
   363
   188
    57
   338
   180
   400
   116
   295
   141
   369
   279
   332
   334
   178
   371
    35
   268
   185
   309
   128
   269
   312
   327
   303
   350
   488
   180
   470
    49
   306
   208
   178
   334
   276
   398
   316
   396
    38
   364
   193
   241
   283
   228
   267
   308
   257
   119
   517
   231
   332
   223
   311
   345
   361
   351
   315
   323
   122
   380
   254
   462
   248
   495
   313
   246
   457
   249
   414
   203
   375
   171
   427
   284
   362
   363
   268
   403
   157
   372
   236
   404
   185
   318
   210
   290
   337
   228
   312
   169
   443
   156
   398
   264
   406
   291
   207
   334
   256
   505
   257
   446
   283
   444
   311
   363
   392
   410
   411
   256
   485
   250
   483
   235
   292
   295
   392
   289
   310
   463
   253
   492
   122
   327
   222
   271
   347
   350
   300
   279
   344
   206
   484
   217
   440
   221
   306
   351
   241
   288
   219
   351
   230
   403
    95
   363
   190
   227
   302
   277
   343
   198
   420
   214
   417
   160
   439
   377
   308
   349
   253
   329
   149
   401
    99
   316
   213
   280
   219
   248
   355
   249
   299
   102
   414
   157
   324
   177
   266
   271
   206
   285
    61
   352
   223
   353
   151
   274
   194
   327
   263
   101
   424
   119
   322
   201
   342
   271
   265
   308
   212
   351
   214
   282
   309
   240
    97
   297
   167
   360
   267
   311
   309
    87
   307
   184
   357
    77
   314
   235
   277
   222
   168
   353
   221
   362
    23
   451
   259
   402
   485
   503
   769
   590
   655
   557
   706
   520
   649
   385
   551
   440
   500
   630
   414
   773
   534
   640
   458
   643
   517
   519
   490
   574
   651
   382
   716
   539
   536
   308
   646
   402
   440
   720
   399
   452
   373
   441
   243
   417
   148
   404
   450
   351
   381
   337
   544
   316
   554
   442
   645
   459
   560
   602
   531
   590
   435
   598
   494
   704
   326
   536
   360
   472
   688
   440
   444
   179
   421
   304
   504
   352
   455
   360
   382
   313
   192
   467
   183
   474
   345
   354
   188
   346
   241
   302
   439
   149
   357
   124
   223
   164
   238
    -4
   197
   107
    99
   281
    -7
   231
   148
   201
  -111
   221
    42
    16
   110
    34
   176
   -81
   135
   -87
   130
   -76
   -39
   -83
   -27
    76
   -29
    48
  -135
   115
  -134
   184
    40
    17
   -39
   -18
    24
  -174
   126
  -117
   139
  -137
   -55
    -8
    41
   -30
   -25
   160
   -81
   169
  -125
    23
   -19
   146
   -56
    64
     9
  -180
   210
  -106
   199
   -61
   107
    12
     3
    -9
   -48
   -21
  -160
    93
  -250
    78
  -115
    24
    11
    -6
    54
    67
   105
  -129
   177
  -128
   145
   -52
     6
   109
    70
    98
    19
    70
   -85
   265
   -80
    96
    72
   119
    37
   -50
    79
   -30
   165
   -80
   175
   -58
   -43
    17
    35
   166
    48
    -1
   -41
    48
   -44
   176
   -19
    45
    16
   106
   -54
     2
   182
   -67
   232
   -69
   117
    17
    35
     6
    54
   107
   -58
   136
    -4
   261
   -30
   103
     3
    72
   103
    22
   134
   -42
   175
    -1
   138
   -49
   134
   -21
    18
    86
   -12
   167
    36
   116
  -163
   185
    27
   189
    37
    -5
   196
    69
   136
  -101
   146
  -124
   212
    56
    11
    62
    14
   165
    35
   173
    41
   246
   -29
   199
   147
   196
   162
    62
   179
     2
   222
    32
   239
    24
   173
    77
   114
   224
    80
   222
    42
   201
    27
   286
    71
   159
   100
   150
   320
    10
   158
   -27
    82
   -59
   185
   111
   131
    -5
    22
   164
   -21
   203
   -86
   117
   -33
   162
    88
    40
   108
    52
   224
   123
   245
    54
   177
   -87
    73
    56
   143
   136
    -5
   145
   -13
   169
   -95
   176
   -29
   124
   181
   115
   169
   -25
   278
    35
   230
    64
   108
   -12
    95
   121
    18
   148
   -47
   231
    16
   206
    97
   183
    77
    73
   126
    45
   197
   -41
   190
     6
   215
   -52
   128
   221
    96
   301
    84
   227
    48
   -52
  -319
    24
  -213
  -151
   -62
  -168
    81
  -132
    33
  -276
  -203
  -240
    16
  -165
  -264
  -185
   -96
   -33
  -443
   -81
  -308
    85
  -157
  -398
  -141
   -47
   -55
  -265
    69
  -193
   -28
   -14
    82
   171
   184
   116
   -49
    30
    68
   162
   -68
   -91
  -122
    18
  -304
   -97
  -109
  -135
     7
  -324
   -17
  -217
   -43
  -217
   -50
   -53
  -204
  -127
  -119
    57
   -28
   183
  -191
   190
   115
   179
    99
   -41
   132
   -31
   215
   -54
   285
    80
   155
   114
    -9
   167
   124
   177
   141
   176
   -69
   350
   180
   286
   238
   223
   240
   185
   341
   121
   415
    36
   248
   174
   196
   350
   232
   324
   292
   259
    70
   309
    96
   301
   205
   275
   270
   346
   343
   125
   429
   161
   340
   240
   381
   267
   388
   347
   223
   333
   192
   413
   120
   422
   270
   395
   287
   226
   290
   217
   440
   146
   361
   143
   382
   238
   256
   394
   319
   295
   194
   422
   268
   443
   121
   331
   305
   217
   231
   323
   351
   194
   540
   184
   521
   427
   299
   368
   386
   358
   360
   391
   206
   487
   159
   311
   209
   298
   276
   340
   403
   204
   436
   278
   434
   147
   323
   222
   386
   353
   291
   512
   270
   467
   361
   526
   303
   509
   168
   315
   550
   197
   371
   260
   434
   175
   451
   278
   451
   431
   259
   466
   308
   435
   183
   345
   298
   463
   191
   323
   453
   362
   393
   206
   453
   307
   516
   248
   383
   295
   420
   397
   230
   492
   263
   536
   271
   450
   348
   403
   349
   323
   440
   274
   502
   296
   463
   354
   462
   297
   452
   336
   319
   464
   171
   437
   195
   424
   269
   381
   311
   377
   368
   175
   441
   281
   452
   188
   328
   274
   405
   420
   312
   431
   329
   350
   348
   465
   264
   512
   308
   465
   447
   391
   290
   132
   496
   220
   484
   268
   355
   330
   362
   339
   301
   439
   280
   560
   284
   507
   354
   451
   418
   327
   365
   299
   431
   250
   484
   330
   413
   251
   421
   342
   388
   429
   273
   453
   239
   460
   274
   430
   299
   472
   382
   270
   377
   293
   500
   284
   532
   262
   467
   268
   334
   406
   241
   434
   216
   412
   223
   526
   306
   343
   317
   282
   335
   250
   360
   181
   504
   140
   362
   338
   356
   239
   153
   328
   194
   405
   180
   443
   285
   404
   320
   412
   356
   256
   521
   318
   460
   205
   513
   584
   696
   584
   574
   617
   596
   675
   403
   589
   470
   765
   615
   697
   523
   549
   690
   448
   732
   492
   607
   557
   682
   492
   644
   626
   501
   670
   470
   532
   511
   653
   310
   656
   360
   251
   391
   252
   338
   295
   673
   224
   511
   465
   373
   546
   747
   670
   498
   639
   369
   613
   380
   600
   479
   625
   526
   378
   631
   344
   577
   357
   561
   490
   483
   335
   361
   324
   329
   528
   192
   495
   228
   358
   281
   422
   373
   309
   383
   117
   509
   233
   277
   248
   318
   430
   496
   262
   378
   285
   -47
   298
    97
   275
   114
   268
    49
    28
   193
    76
   228
    63
   167
     5
   162
   -28
   178
   220
    96
   138
   -35
    67
     9
   138
    -1
   119
   -37
     2
  -123
  -109
     7
    -1
   180
   -65
   135
    27
    82
   -57
   177
   109
   125
   185
   -92
   174
   -50
   246
    60
   137
   107
   113
   -31
   -67
   185
  -110
   163
   -21
    73
  -137
    79
    71
    35
   166
    68
   205
   -35
   115
  -151
   135
   -16
    70
    45
  -133
   100
   -61
    42
    23
   324
   -18
   132
    46
     9
   125
    14
    80
    95
   273
   -59
   216
   -38
   -27
   -14
    66
   129
    70
   187
   -83
   101
  -142
   102
    31
    51
    47
    50
    10
  -108
   113
     8
   187
  -154
    24
   -18
    73
    -9
    -2
   115
   -78
   137
  -131
   160
    15
   190
    74
    63
   123
   -46
   155
    -6
   183
   -71
   107
    36
   155
   -35
   -66
   113
   -51
   144
   -23
   150
   -35
   224
   -39
   -24
    63
    13
    79
   -80
   235
   -56
   188
    19
   105
    24
    30
    46
   -53
   103
   -88
   161
  -125
   135
    27
   139
    68
    16
   160
    10
   179
   -79
   126
     8
   238
    72
    92
    84
    -3
    24
  -109
   181
   -13
   346
   147
   117
   120
   156
    53
    37
   220
    13
   223
     8
   185
   -21
   149
   136
    14
    80
     2
    69
   -16
   182
    27
   341
    24
   140
   133
    54
    94
   -56
   208
   -96
   180
    44
   159
    92
   105
    77
   132
   237
     6
   155
  -138
   199
    64
   161
   141
   125
    68
    83
   260
    31
   301
    53
   280
   111
   176
   110
    85
   191
   144
   342
     8
   301
    22
   127
   160
    98
   195
   109
   219
    76
    90
    46
    71
    27
   247
   -23
   201
   134
   -16
   193
    10
   189
    -4
   212
   -16
   116
   163
   101
   171
    89
   149
   131
   299
   -17
   200
   129
   253
   -10
   -17
  -134
  -300
   -48
  -425
    -7
  -203
   -44
   -92
  -209
  -214
  -131
   -89
  -185
   108
  -280
  -127
  -305
  -159
  -177
   -67
   -69
  -163
   -13
  -327
    31
  -125
    11
  -102
    25
   -72
   -72
    88
  -130
   183
    80
   266
    51
    60
   -65
   139
   -59
  -170
    20
  -250
   100
  -282
   -46
  -170
  -154
   -64
   -34
    40
  -198
   -38
  -118
    40
  -127
   189
   -90
   -58
    85
   -65
    63
     3
   203
   139
   128
  -121
   301
     9
   131
   252
   -59
   229
    69
   107
    45
   151
   -21
   323
   105
    -1
    44
    77
   208
   -57
   360
    62
   195
   179
   213
   233
   280
   326
   316
   496
   170
   258
   107
   317
   161
   387
   324
   229
   364
   125
   376
   187
   347
   254
   362
   149
   327
   328
   171
   433
   273
   403
   290
   437
   101
   422
   314
   231
   452
   307
   440
   202
   452
   310
   446
   314
   403
   372
   269
   333
   319
   394
   155
   563
   294
   373
   225
   195
   411
   401
   411
   273
   356
   248
   503
   202
   387
   408
   441
   386
   298
   529
   314
   476
   372
   426
   306
   447
   188
   268
   391
   276
   531
   342
   490
   267
   391
   177
   296
   384
   167
   476
   304
   275
   279
   356
   360
   560
   387
   474
   510
   313
   425
   405
   397
   379
   637
   316
   441
   355
   400
   458
   397
   503
   277
   463
   264
   496
   353
   545
   438
   315
   500
   321
   410
   375
   555
   266
   588
   299
   342
   349
   351
   472
   208
   639
   282
   438
   228
   341
   404
   403
   357
   263
   522
   257
   439
   225
   448
   388
   410
   271
   272
   342
   292
   462
   167
   463
   366
   494
   270
   356
   298
   271
   411
   201
   416
   243
   488
   234
   427
   396
   346
   425
   301
   394
   302
   445
   253
   525
   356
   469
   341
   315
   404
   340
   469
   227
   500
   257
   423
   224
   299
   326
   332
   436
   253
   410
   160
   547
   265
   402
   434
   412
   365
   275
   457
   192
   460
   344
   408
   211
   406
   258
   345
   444
   251
   480
   205
   411
   257
   381
   179
   311
   341
   283
   354
   175
   434
   253
   438
   282
   403
   239
   312
   306
   207
   371
   273
   524
   216
   443
   259
   351
   357
   306
   384
   294
   422
   226
   425
   243
   372
   289
   332
   372
   376
   210
   194
   348
   239
   467
   133
   403
   220
   314
   301
   322
   461
   227
   475
   233
   371
   203
   385
   363
   373
   277
   375
   611
   507
   766
   475
   736
   540
   679
   565
   398
   542
   587
   647
   560
   799
   460
   754
   541
   642
   544
   607
   794
   488
   660
   460
   648
   385
   664
   526
   513
   601
   380
   474
   427
   502
   319
   523
   209
   314
   222
   265
   463
   372
   456
   474
   621
   416
   600
   536
   716
   599
   648
   532
   536
   702
   497
   694
   387
   660
   384
   598
   357
   308
   613
   251
   622
   335
   410
   182
   416
   285
   291
   535
   333
   468
   259
   380
   173
   399
   213
   391
   481
   227
   242
   251
   454
   341
   463
   188
   315
   135
   252
   207
    91
   258
   180
   182
    15
   240
   -34
   273
   123
   156
   182
    35
    81
   -44
   318
   -15
   240
    -1
    -8
   -20
   -60
    81
    39
   292
     2
    32
  -187
    17
   -40
   164
    43
    35
   180
  -105
   207
   -87
   123
    41
   118
    98
   178
    46
   -41
   141
   -79
   162
    57
   243
   -57
    97
   -64
    27
   148
   -59
   229
   -43
   103
   -53
   170
    23
    99
   109
    65
    77
   -30
    57
  -167
   149
   -82
   233
     3
   -21
   140
   113
   129
   -37
   279
   -19
   202
   -81
    13
   174
   147
   129
   182
   193
  -122
   136
   -84
   169
   108
   103
    18
   118
    60
  -149
    97
  -112
   157
    85
   143
  -144
    18
    72
    69
   166
   -66
   153
   -88
    51
   -44
   127
   -23
   110
   119
   -29
    81
   -72
   166
   -58
   171
    44
   141
   -22
     3
   120
    55
   169
   -30
   206
   -30
   182
     0
    95
   154
    61
   122
   108
   237
   -19
   130
   -72
   151
   110
   125
    18
   -21
    56
     2
   212
   -86
   167
     0
    65
   -36
    33
    98
    -4
   193
   -99
    74
    29
   123
   139
    60
   -11
   241
   -20
  -122
   113
   -36
   210
    12
   202
    -8
   200
   111
    53
    78
   -77
   283
   -21
   177
   -25
   167
    89
   159
   116
    32
   146
   -54
   247
   -88
   239
    77
   159
    59
     1
   169
     1
   118
   -85
   159
   -64
   137
   -59
    34
    64
    21
   170
     8
   215
   -16
   158
   -33
   208
   135
   126
   120
    14
    62
   -36
   261
   -34
   245
   179
   220
    55
    37
    72
    76
   223
   -42
   187
     6
   195
   -71
    83
    85
   131
   286
    69
   279
    83
   263
    86
   271
    73
   224
   190
    17
   153
  -102
   167
    48
   256
    78
   197
    36
    88
   151
   120
   262
   -57
   245
     0
    77
   -41
    95
    60
    83
   122
   -23
    94
   -97
   203
  -175
  -103
  -190
  -178
  -146
  -159
  -118
  -120
    36
  -438
   -77
  -233
  -340
  -269
  -141
  -202
  -153
  -105
  -331
   -86
  -321
  -138
  -283
   -53
  -207
  -209
  -119
  -335
   -87
   -42
    98
  -202
   118
    -9
    22
   -40
    39
   199
   -54
     8
   -93
   -73
  -325
    -6
  -302
  -115
  -121
  -275
   -91
  -260
   -78
  -280
    15
  -197
   -59
  -120
  -223
  -128
  -149
     0
    11
   138
  -132
    84
   -93
    29
    55
   185
   126
    77
   147
  -204
   101
  -105
   206
    33
   168
    66
  -110
    75
    -6
   183
   -81
   347
    19
   208
    67
    72
   295
    60
   384
   173
   298
   260
   358
   116
   333
   268
   241
   257
   101
   330
   108
   332
    92
   325
   194
   211
   296
   133
   389
   262
   361
   309
   333
   144
   267
   165
   293
   363
   274
   289
   104
   226
   116
   358
    87
   254
   313
   272
   230
   180
   296
    51
   331
   181
   333
   205
   278
   246
   387
   412
   230
   481
   146
   341
   176
   271
   172
   275
   258
   232
   301
    81
   356
   236
   511
   337
   462
   286
   305
   327
    98
   338
   240
   403
   207
   325
   222
   416
   265
   374
   429
   157
   350
    52
   320
   163
   358
   292
   357
   309
   173
   320
   248
   440
   231
   472
   234
   377
   273
   430
   469
   347
   497
   301
   573
   205
   434
   312
   357
   355
   399
   445
   292
   421
   262
   509
   279
   428
   282
   430
   301
   308
   415
   222
   529
   240
   453
   328
   366
   251
   367
   327
   304
   419
   191
   451
   191
   369
   216
   377
   377
   342
   354
   234
   365
   275
   464
   236
   381
   200
   346
   270
   317
   332
   208
   462
   270
   429
   175
   408
   254
   410
   466
   356
   365
   150
   408
   197
   458
   296
   326
   240
   303
   288
   249
   302
    41
   403
   162
   316
   238
   371
   276
   210
   351
   245
   333
   166
   455
   229
   416
   350
   423
   386
   336
   345
   164
   500
   292
   470
   264
   417
   310
   346
   316
   275
   507
   236
   463
   209
   401
   235
   399
   279
   198
   444
   283
   337
   170
   461
   198
   408
   232
   198
   343
   176
   313
   201
   421
   250
   215
   200
   261
   173
   300
   284
   302
   324
   224
   356
   127
   350
   182
   378
   172
   247
   393
   248
   397
   229
   428
   211
   445
   181
   319
   295
   230
   352
   140
   358
   179
   362
   162
   328
   285
   392
   243
   226
   392
   176
   431
   214
   330
   314
   774
   523
   581
   689
   462
   723
   459
   480
   425
   673
   287
   641
   672
   586
   693
   459
   692
   392
   584
   399
   577
   529
   570
   527
   402
   458
   305
   624
   477
   567
   495
   660
   394
   295
   371
   361
   307
   292
   465
   172
   499
   303
   558
   434
   471
   642
   466
   604
   407
   606
   418
   647
   480
   553
   435
   309
   481
   477
   635
   420
   462
   262
   516
   175
   350
   438
   250
   374
   199
   328
   177
   412
   269
   510
   347
   394
   340
   254
   399
   100
   380
   125
   373
   208
   268
   217
   237
   323
   215
   462
   150
   304
    18
   244
   168
   196
   165
    68
   189
     4
   167
  -104
   246
   102
    63
   -52
     2
   -32
    41
   232
  -183
   179
   -46
    45
    -7
    20
   -67
    42
   116
  -117
   115
   -86
    87
   -65
    98
    32
   160
    26
    35
   149
   -74
   197
  -118
    96
   -16
   110
   -79
    -6
    71
   -73
    42
  -113
    57
  -230
   131
  -149
   -22
   131
   -51
    -1
     1
    67
  -112
   192
   -45
    84
   -12
    -9
  -119
   -15
   -62
  -155
    58
  -257
   216
   -22
    68
    35
    17
    88
   122
    81
   -77
   229
  -174
   185
    82
    83
   212
    47
    25
   -35
    85
   -46
    41
   -60
   -64
  -140
    90
   -40
    58
    71
    11
   152
   -73
   106
   -75
   225
   -39
    35
   116
   -27
    54
   -29
    93
   -51
   283
   -36
   211
    94
   -10
   112
    16
   150
    39
   222
     2
   271
    41
   117
    78
    82
   164
     6
   125
     5
   261
    11
   189
    46
   142
   138
   111
   115
   -32
   256
    84
   221
    -4
   166
    39
   114
    50
    37
   163
   -71
   178
   -56
   178
    96
   229
    -7
   115
   242
    -6
   174
    22
   272
   129
   189
    31
   232
   -10
    87
   245
    21
   278
   -22
   251
    79
   204
   139
   183
   185
   102
   209
    65
   118
   -42
   261
   -44
   198
   159
   129
   164
   -27
    98
    -3
   224
   -62
   143
   111
   224
    69
    65
   115
    41
   208
   -95
   216
   -41
   118
    32
   105
   149
    48
   189
    36
   189
    76
   303
    72
   213
    29
    52
    27
   -21
   286
    37
   185
    40
   271
    54
   140
    69
   139
   249
    29
   134
   -58
   127
    40
   204
   -40
   166
    55
    86
   166
   -67
   264
   -34
   108
    26
   120
   -64
   127
    88
    93
   231
    -3
   181
     7
   375
    34
   106
    -6
    14
    10
   -82
   172
  -150
   118
     6
   140
   -18
    48
   -44
   -47
  -170
  -259
  -160
  -412
     6
  -372
  -156
  -171
  -206
  -290
  -223
  -139
  -448
   -97
  -294
  -169
  -260
  -166
  -305
  -175
  -251
  -373
   -21
  -322
   -77
  -174
  -112
  -139
  -183
   -95
   -90
  -159
    -7
     7
   -90
   176
  -116
   190
    13
    36
   157
  -102
  -126
   -31
  -126
  -235
    18
  -393
   -43
  -221
  -203
   -32
  -198
  -148
  -184
  -135
  -259
    82
  -165
   -33
  -109
    41
   -64
    22
   200
  -142
   248
   -77
   167
    95
   135
   141
   164
    92
   -18
   313
   -11
   177
   -14
   132
   137
   185
    47
    51
   231
    52
   216
    27
   233
    88
   347
   199
   282
   363
   226
   273
   -23
   311
   106
   387
   181
   231
   376
   243
   210
   162
   325
   174
   385
    35
   329
   259
   237
   262
   196
   325
   191
   298
   125
   398
    44
   229
   284
   192
   227
   277
   191
    94
   474
    40
   379
   209
   173
   225
   249
   201
    95
   352
    89
   268
   109
   353
   185
   331
   206
    44
   382
   123
   296
   249
   255
   135
   326
    53
   296
   306
   191
   471
   149
   369
   266
   309
   148
   316
   115
   259
   285
    81
   408
   153
   343
   157
   311
   186
   285
   272
   205
   241
    76
   312
   119
   254
    74
   204
   153
   254
   317
   355
   249
   152
   391
   109
   431
   234
   466
   396
   316
   354
   354
   412
   196
   477
   171
   432
   394
   379
   278
   331
   268
   204
   398
   207
   441
   168
   344
   105
   273
   291
   201
   391
   180
   329
   255
   430
   247
   430
   297
   459
   381
   257
   419
   154
   357
   211
   426
   206
   331
   266
   350
   419
   232
   403
   200
   416
   181
   409
   273
   337
   394
   317
   487
   183
   384
   347
   365
   285
   293
   291
   407
   180
   361
   436
   225
   534
   284
   464
   209
   321
   313
   316
   303
   291
   432
   164
   450
   199
   410
   269
   274
   280
   304
   357
   276
   442
   209
   440
   216
   439
   343
   371
   240
   272
   356
    95
   390
   162
   496
   255
   348
   248
   247
   380
   202
   330
   217
   387
   118
   387
   157
   274
   337
   235
   369
   252
   353
   191
   349
   187
   412
   184
   327
   356
   245
   380
   191
   256
   130
   464
   242
   364
   217
   276
   253
   230
   467
   181
   352
   141
   350
   215
   378
   230
   203
   365
   222
   426
   237
   312
   127
   350
   194
   318
   189
   285
   477
   173
   381
   173
   334
   187
   354
   231
   341
   218
   161
   478
   414
   597
   366
   749
   501
   526
   553
   499
   558
   641
   596
   381
   765
   423
   727
   573
   466
   500
   520
   570
   484
   678
   417
   710
   410
   444
   576
   558
   517
   545
   494
   383
   528
   212
   444
   254
   357
   322
   342
   323
   282
   427
   404
   602
   477
   762
   374
   650
   645
   540
   668
   491
   687
   434
   487
   363
   582
   386
   499
   481
   435
   506
   315
   408
   319
   521
   142
   513
   455
   288
   120
   101
   440
   285
   488
   301
   457
   210
   358
   257
   235
   340
   292
   383
   106
   424
   169
   411
   286
   347
   396
   212
   290
     0
   302
    92
   187
   200
    34
    22
   124
    52
   153
   145
  -110
   119
    79
   307
   129
   231
    78
   139
   146
   -56
    27
  -129
   104
   -99
    89
  -119
    -9
   -68
  -102
    47
     2
   178
   -31
    38
  -168
   176
   -42
   135
   108
   -50
   172
   -82
    51
  -144
    93
   -82
   127
    74
    53
    35
   -56
   101
   -43
   206
   -29
   139
   -71
    63
    51
   103
    55
   -98
   154
  -104
    19
  -253
   -77
   -69
   181
   -53
   -33
   252
   -35
   115
  -128
   108
   -78
    29
   -37
    53
    45
    71
   173
  -164
    69
  -138
   106
   -67
   -62
   -81
    43
    10
   -67
    12
  -251
    48
  -159
    72
  -110
   -37
  -104
   -63
    21
   -75
    81
  -120
   124
  -227
   103
   -57
   -73
   -29
  -194
     2
   -18
    68
  -180
   195
   -58
    62
    44
   -49
   -87
   -56
    92
   -98
   179
   -65
   114
   -61
    22
   -68
     6
    12
   -98
   146
  -100
   155
  -175
    51
   -15
    -1
   -54
   -73
   108
   -32
   158
  -161
   155
    63
   180
    90
    59
    70
   -29
    99
   -78
    79
   -36
   179
  -102
   133
    24
    42
   155
   -89
   161
   -64
   194
    91
    96
   -62
   140
    -4
   -28
   154
    50
   185
   -65
   283
    25
   129
   -20
    68
   104
   -13
   167
    34
   229
   -43
   203
   -34
    31
    70
   105
    34
    -3
   111
  -149
   213
   -60
   106
   -44
    32
    51
    26
    58
   -12
   145
   -39
   185
  -104
   179
   -48
    42
    95
   -12
   185
   -17
   162
   -66
   214
     7
   136
    67
    34
   225
   -43
   168
    35
    71
    75
    93
    25
   160
    38
   111
   131
    51
    20
   -75
   104
  -138
   225
     4
    82
    61
     8
   150
    -4
   111
   -78
   196
   -63
    51
    -7
   103
    57
   -80
    50
  -128
    49
  -182
     5
   -88
   159
    -3
     6
    79
   -42
   158
  -186
    70
   -84
  -181
  -211
  -167
  -215
   -56
  -165
  -270
  -150
  -323
  -139
  -433
  -303
  -394
  -138
  -227
  -247
  -122
  -363
  -178
  -414
  -184
  -415
  -236
  -278
  -206
   -67
  -209
  -108
  -195
   -40
  -264
    81
   -98
    55
   119
    68
    15
   -55
   159
  -202
   -17
  -193
   -97
  -229
  -154
  -236
  -213
   -54
  -219
   -19
  -297
   -50
  -226
  -191
  -108
    41
   -45
  -172
    31
  -167
   -39
   -52
   163
    45
   226
   -84
   -15
   162
   -21
   218
    40
   211
   -25
   120
     8
   143
    87
    75
   239
  -109
   180
    51
   107
    93
   231
   146
   237
   112
    17
   159
   160
   284
    90
   523
   155
   294
   314
   247
   242
   206
   351
   124
   473
    97
   350
   239
   232
   397
   354
   299
   197
   339
   244
   484
    78
   401
   232
   278
   334
   152
   383
   238
   342
   102
   285
   124
   393
   292
   263
   344
   258
   372
   157
   331
   227
   412
   167
   347
   117
   180
   397
   190
   432
   151
   357
   297
   369
   118
   295
   302
   192
   400
   259
   291
   183
   439
   191
   462
   246
   368
   527
   215
   380
   188
   314
    53
   316
   318
   301
   397
   312
   263
   275
   253
   116
   401
   193
   243
   197
   472
   275
   353
   435
   206
   432
   143
   541
   368
   434
   415
   480
   410
   310
   368
   253
   511
   211
   515
   282
   355
   357
   402
   391
   362
   515
   215
   490
   236
   426
   338
   453
   370
   338
   383
   244
   413
   242
   423
   270
   568
   231
   379
   417
   291
   462
   282
   443
   213
   499
   180
   346
   348
   343
   452
   280
   357
   206
   388
   327
   475
   321
   490
   300
   356
   388
   314
   430
   301
   554
   224
   433
   230
   300
   314
   377
   379
   246
   452
   168
   448
   211
   339
   279
   399
   355
   289
   413
   229
   408
   196
   464
   240
   405
   287
   362
   427
   224
   396
   236
   498
   231
   440
   234
   387
   362
   290
   490
   298
   428
   162
   492
   256
   413
   405
   286
   410
   389
   357
   305
   427
   156
   405
   128
   377
   293
   205
   315
   250
   409
   265
   405
   182
   372
   200
   443
   359
   293
   339
   209
   357
   138
   425
   202
   379
   180
   290
   288
   220
   368
   133
   394
   248
   402
   167
   368
   309
   325
   299
   133
   293
   132
   284
   156
   362
   112
   400
   242
   208
   394
   125
   361
   198
   352
   227
   472
   269
   347
   293
   111
   292
   196
   311
   121
   281
   131
   481
   355
   531
   613
   400
   552
   470
   670
   284
   632
   535
   547
   604
   610
   579
   522
   719
   477
   650
   412
   639
   539
   629
   678
   565
   606
   418
   607
   407
   563
   551
   450
   360
   479
   303
   315
   272
   258
   501
   158
   494
   271
   432
   441
   433
   605
   540
   637
   502
   646
   409
   675
   454
   569
   606
   411
   444
   416
   445
   310
   536
   260
   534
   231
   389
   290
   165
   576
   170
   318
   257
   345
   212
   383
   287
   359
   333
   272
   347
   137
   366
   183
   429
   199
   355
   377
   281
   241
   204
   323
   130
   384
   142
   206
   136
   197
   -77
    85
   192
     6
   258
    16
   203
    62
   220
    10
   145
   105
    27
   100
   -77
   125
   -54
   192
  -124
    57
   -20
   -13
    21
   -21
    83
   -19
   202
  -211
   131
    14
   102
    -7
     2
    88
   -20
   130
  -216
   179
    22
   158
    51
    61
    18
   -23
    21
   -33
   126
  -224
   208
   -60
    90
   129
   -46
   -10
    52
   113
   -25
   203
   -87
   155
    -6
    94
   -26
    31
    -4
  -187
    73
   -79
   151
  -127
   164
   -42
    44
   -34
   -83
   168
   -84
   167
    24
   242
   -53
   137
   -16
   -28
   149
    -2
    87
   -90
    50
  -175
   178
  -185
   -73
    45
  -179
     4
    30
    31
  -146
   117
  -166
    33
  -111
   -73
   -60
   -45
    56
   -62
   118
  -127
    55
  -147
    59
   -53
    28
    24
    59
    86
  -203
   192
   -18
   109
  -127
    73
    13
    61
    11
  -130
   171
  -163
    45
   -93
    94
   -90
     5
    14
   -33
   113
    -6
   147
  -135
   145
   -63
   -37
    29
  -101
     0
    18
   -49
     4
    63
   -46
   130
  -137
   126
   -29
    86
    63
   -53
   122
   -61
   123
   -59
   144
   -35
   105
   -40
    44
    91
   -39
   149
   -90
   135
   -90
   156
    34
    98
    19
    73
   178
   -51
   150
   -38
   214
   -68
   143
   105
    63
    94
    67
   106
   -87
   166
   -56
   136
    48
   168
    -7
    96
   143
    -5
   117
   -68
   179
    -7
   211
     3
   159
    95
    26
   163
   -11
    84
   -13
   186
   -77
   145
   -43
   104
   163
    82
   129
    18
   204
   -35
   243
    24
   160
    15
    28
    26
    -5
   131
   -24
   159
  -131
   109
   -29
   201
    15
    38
   206
    56
   213
   -69
   148
   -21
   150
    -1
   136
    40
    85
   122
  -152
   262
   -34
   163
    72
    80
    30
   225
     4
   -71
   236
   -17
   167
  -105
   183
   -42
   101
    79
    19
   189
   -96
   -35
  -309
  -110
  -217
   -46
  -181
  -103
   -17
  -210
  -277
  -320
   -33
  -277
   -99
  -171
  -127
  -312
  -208
  -172
  -274
   -67
  -116
  -110
  -361
  -121
  -310
  -140
  -250
  -140
   -54
  -118
    79
  -177
   144
    34
   138
   -43
   134
    89
   -31
  -132
  -245
   -27
  -359
   -36
  -240
  -120
   -90
  -126
  -198
   -87
   -40
  -305
     2
  -140
   -33
  -161
    13
  -136
   -31
     2
   -81
   121
    31
   166
   -79
   130
   -75
    72
    66
    74
   103
    53
   120
    61
   232
  -191
   181
    44
   100
     9
    28
   186
    50
   149
   -86
   285
   -91
   257
   223
   107
   252
   174
   327
   127
   387
    99
   269
   182
   120
   316
   212
   155
   260
   160
   120
   314
    94
   325
   189
   423
   168
   208
   317
    54
   309
   152
   404
   294
   420
   181
   237
   155
   115
   393
   125
   303
   279
   346
   153
   459
   317
   331
   341
   181
   280
   161
   418
   234
   475
   189
   339
   326
   240
   280
   179
   387
   210
   379
   115
   388
   147
   294
   367
   240
   454
   317
   428
   222
   497
   252
   356
   277
   333
   287
   303
   365
   113
   517
   186
   379
   230
   240
   161
   333
   308
   157
   545
   168
   495
   296
   256
   305
   431
   377
   474
   478
   276
   471
   200
   502
   319
   534
   359
   384
   480
   341
   474
   300
   411
   235
   505
   165
   401
   342
   271
   414
   264
   411
   244
   452
   218
   493
   319
   373
   353
   282
   331
   241
   392
   142
   448
   222
   396
   258
   255
   299
   321
   390
   253
   516
   273
   450
   223
   381
   255
   330
   336
   218
   409
   196
   409
   132
   349
   277
   441
   335
   256
   303
   211
   398
   132
   402
   237
   375
   208
   285
   327
   320
   412
   243
   478
   256
   390
   232
   275
   241
   440
   329
   283
   434
   232
   389
   170
   430
   242
   394
   261
   180
   266
   291
   438
   257
   456
   190
   480
   227
   267
   286
   222
   294
   162
   332
   153
   440
   265
   446
   295
   302
   279
   163
   316
   129
   348
   225
   390
   198
   300
   252
   208
   447
   318
   319
   284
   299
   200
   366
   219
   370
   305
   418
   302
   187
   370
   164
   349
   163
   384
   169
   309
   199
   211
   397
   143
   369
   184
   333
    33
   293
   251
   297
   255
   129
   382
   160
   342
    64
   227
   103
   332
   235
   207
   314
   222
   393
   107
   441
    91
   295
   284
   263
   297
   285
   370
   250
   601
   454
   722
   492
   542
   492
   552
   478
   500
   643
   378
   719
   477
   627
   568
   708
   471
   532
   656
   514
   668
   464
   647
   361
   551
   331
   449
   429
   473
   580
   259
   446
   272
   366
   154
   371
   193
   416
   285
    81
   426
   307
   537
   422
   721
   441
   532
   412
   396
   515
   535
   599
   338
   628
   279
   519
   416
   434
   445
   409
   285
   234
   476
    84
   425
   189
   225
   309
   183
    34
   264
   289
   166
   434
    33
   222
   103
   228
   123
   187
   202
   243
   415
    51
   232
   138
   219
   104
   274
   146
   244
   146
    31
   158
   -58
   236
   -98
   160
    41
   104
   119
    31
   116
   -12
    55
  -113
   186
  -120
    90
   -66
   -16
   101
   -79
     1
  -130
    60
  -200
   134
   -51
   -75
   -45
   -74
    -9
    16
     9
  -149
   104
  -258
     9
  -111
   -54
   -18
   155
   126
  -171
   174
  -123
   132
   -44
    50
     2
    19
   -58
  -105
    87
   -85
   115
  -117
    76
   -79
    66
  -132
    11
   126
   -59
   122
  -138
    24
  -164
   101
  -127
    68
   120
    31
   134
   -83
   162
   -39
   118
     6
    90
    68
    52
    27
     4
    67
   144
    80
   -55
   197
  -189
   126
    13
    42
    94
    71
    42
  -159
   109
  -215
   141
   -94
    33
    28
   -49
    50
   -66
    47
  -186
    59
  -184
    55
    10
    56
   -46
    -4
    73
  -137
   125
   -83
   116
   -30
   138
   -27
    24
     3
   -19
   160
  -136
    29
   -44
    88
  -126
   112
    27
    55
    45
   -22
   129
   -37
   150
  -130
   147
   -59
    60
   -31
   -54
   162
   -19
   103
   -79
    69
  -107
   211
   -15
    48
   120
    40
    83
  -167
    80
   -99
   114
   -88
    49
   -34
    19
    53
    10
   143
   -83
   138
  -139
    55
   -73
    25
    -8
    60
   138
    -1
    80
   -44
   148
   -56
   185
   -75
    75
    31
    11
   162
   -36
   178
    26
   128
   -21
   111
   -77
   139
    34
    14
   163
   -78
   117
  -156
    94
  -126
    93
   -33
   -44
   119
     7
   210
   -52
   160
    36
   213
    27
    81
   -22
   -37
   139
    46
   117
  -124
   154
   -98
   121
   -11
   111
   148
    11
    70
  -174
   149
   -73
   143
   -12
    82
    61
    57
    29
   -18
   212
   -13
   162
   -78
   142
   -15
    68
    22
     5
   116
    -5
   179
   -99
    52
   -72
   117
   -35
   133
    83
     8
    63
   -71
   261
   -26
   211
   -23
    58
   -22
    74
   109
   -53
   167
   -38
    38
  -165
    90
  -153
  -161
  -261
  -295
  -239
  -238
    -5
  -286
   -12
  -344
  -211
  -183
  -392
  -170
  -234
  -346
  -104
  -126
  -378
    13
  -411
  -281
  -141
  -171
  -133
  -170
  -156
  -295
   -40
  -328
  -160
   -50
    94
   -61
    39
    80
   -49
    92
  -146
   113
   -56
   -80
  -203
  -141
  -362
  -144
   -64
  -225
    28
  -299
   -36
  -203
  -141
  -215
   -69
   -57
   -13
    27
  -169
    34
  -171
   164
   -36
   276
   104
   -47
   155
    52
   132
   -41
   239
  -100
   175
    61
    -3
   158
   147
   125
    87
   185
    22
   281
   -28
   328
   227
   128
   140
    74
   112
    26
   303
    59
   353
   211
   315
   262
   262
   296
   205
   321
   267
   356
   157
   352
   133
   389
   214
   270
   379
   202
   325
   196
   353
   150
   415
   147
   386
   255
   135
   403
   192
   387
   258
   317
   216
   424
   121
   324
   356
   101
   319
   223
   222
   180
   400
    70
   448
   324
   302
   405
   233
   456
   259
   441
   291
   354
   131
   299
   278
   262
   305
   183
   400
   232
   447
   246
   422
   306
   396
   330
   298
   355
   117
   432
   118
   366
   340
   344
   217
   321
   269
   218
   461
   121
   338
   256
   440
   190
   303
   253
   320
   443
   178
   463
   356
   472
   308
   438
   229
   555
   407
   148
   470
   283
   398
   294
   476
   285
   504
   244
   321
   414
   325
   454
   237
   489
   212
   475
   270
   395
   364
   305
   384
   266
   444
   170
   420
   178
   401
   353
   335
   288
   245
   391
   296
   383
   118
   399
   302
   461
   265
   256
   235
   246
   367
    94
   441
   198
   338
   293
   294
   348
   284
   246
   277
   330
   292
   412
   210
   450
   255
   409
   242
   337
   467
   241
   438
   225
   452
   253
   359
   217
   336
   313
   263
   366
   225
   388
   130
   463
   269
   392
   338
   331
   340
   245
   334
   232
   410
   153
   436
   267
   388
   331
   398
   476
   375
   401
   132
   430
   229
   488
   309
   353
   362
   396
   378
   162
   426
   216
   375
   213
   466
   332
   379
   317
   284
   432
   252
   468
   255
   425
   212
   552
   357
   251
   377
   203
   431
   262
   414
   298
   524
   295
   304
   293
   368
   417
   276
   358
   174
   407
   163
   429
   276
   247
   266
   263
   280
   241
   369
    55
   373
   189
   424
   251
   202
   263
   214
   298
   110
   418
   197
   401
   326
   327
   289
   395
   248
   257
   456
   216
   468
   193
   421
   323
   564
   542
   600
   758
   509
   678
   344
   576
   488
   714
   538
   592
   620
   474
   724
   472
   584
   476
   717
   460
   692
   632
   459
   667
   542
   519
   370
   606
   433
   643
   343
   532
   504
   244
   362
   330
   465
   287
   627
   223
   454
   400
   457
   539
   378
   553
   426
   634
   319
   637
   481
   556
   451
   440
   504
   450
   626
   244
   554
   350
   500
   329
   272
   230
   325
   298
    89
   493
   204
   373
   215
   321
   196
   352
   291
   206
   466
   115
   467
   213
   243
   297
   325
   297
   331
   275
   139
   320
   124
   188
   149
   344
   129
    77
    43
   123
    86
    99
   274
    40
   185
   -37
   173
   -52
   105
    65
    25
   106
   -97
   176
  -145
    76
   -88
    93
   -19
   -39
    40
   -27
    33
  -106
   181
  -138
    85
   -89
    40
    32
    49
    57
  -100
   178
   -29
    70
   -84
   103
   -79
   101
   -93
   -38
   130
  -150
   241
   -69
   -12
    92
   136
  -178
   165
    15
   -59
   297
   -29
   168
   -33
   129
   -43
    34
    29
    77
    24
   -67
   -19
  -153
   217
    -1
   238
    70
    57
    29
    48
    91
    21
   160
   -37
   229
     5
    67
   -65
    22
    19
   105
    38
   -48
   183
  -170
   159
   -63
   -17
   -74
    74
   -23
   -73
   134
  -122
   165
  -124
    77
    76
    93
   -64
   -19
    40
   -18
   106
   -66
   176
   -46
   180
    11
    94
    37
     4
   149
    69
   179
   -58
   194
   -62
   136
    58
   131
   133
     3
   132
    11
   103
   -29
   192
   -93
   251
   101
    47
   161
    52
   163
   -27
   283
   -14
   154
    16
   113
    98
    61
   205
    78
    94
   -59
   171
  -142
   222
    70
    70
   155
    64
    75
   -55
   185
   -62
   274
   -46
   105
    89
    21
    43
    39
   276
   -32
   156
   -63
   144
    15
   173
    85
    71
   164
    -4
   197
   -29
   180
    19
   242
    78
   169
   163
   149
   141
   -62
   224
     6
   285
   -31
   167
   146
   159
   266
    44
   161
   143
   224
  -109
   241
   144
   240
    75
   156
   249
     6
   269
    29
   242
    54
   270
   139
   116
   342
   119
   136
   140
   106
   122
   281
   -28
   212
    98
   240
   127
   136
   290
    69
   327
    27
   206
    19
   198
    83
   168
   245
    43
   250
   -29
   180
   104
   261
    11
   158
    76
    79
   183
    -2
   250
     9
   250
    29
   230
    74
    98
   233
    31
   136
   108
   270
     5
   248
    59
   199
   166
    79
   160
   -47
  -109
  -165
   -41
  -265
   -86
  -277
   -47
  -106
  -114
  -136
  -227
   -84
  -299
   -16
  -302
   -24
   -77
  -150
  -115
   -88
  -201
  -313
  -114
  -303
   -15
  -246
   -75
  -273
   -61
   -61
   -81
   276
   -38
   248
    70
   227
     8
    72
    26
   -30
     9
  -219
   -84
  -141
  -116
  -324
   -27
  -189
   -28
  -207
  -217
   -76
  -206
   -47
  -224
    52
  -215
    97
  -128
    27
   122
   -55
   147
    -7
   286
   -78
   200
    32
    28
   103
    39
    14
     8
   111
    54
   229
   -72
   260
    15
   132
    55
    68
    77
   -78
   291
    80
   263
    60
   212
    61
   211
   144
   218
   388
   112
   433
   216
   310
   127
   329
    87
   246
   304
    70
   371
    67
   296
   204
   309
   176
   231
   261
   353
   249
   218
   377
    48
   318
   115
   337
   257
   299
   171
    78
   352
   179
   297
   298
   375
   186
   450
   202
   289
   343
   264
   380
   239
   402
   155
   470
   239
   288
   365
   402
   345
   271
   356
    62
   495
   233
   324
   423
   356
   336
   356
   378
   402
   510
   207
   378
   241
   311
    92
   315
   306
   258
   461
   159
   429
   330
   303
   128
   518
   317
   323
   374
   165
   434
   271
   426
   135
   330
   155
   404
   413
   350
   578
   310
   446
   234
   379
   343
   490
   325
   470
   373
   288
   453
   347
   496
   281
   549
   284
   457
   377
   298
   352
   370
   507
   403
   507
   167
   486
   292
   361
   255
   346
   461
   273
   451
   235
   439
   240
   475
   287
   356
   398
   416
   475
   199
   414
   291
   454
   262
   508
   386
   391
   436
   378
   436
   212
   406
   282
   454
   243
   454
   275
   230
   395
   324
   403
   198
   455
   276
   436
   215
   307
   311
   242
   395
   316
   331
   216
   362
    77
   416
   309
   326
   260
   244
   342
   244
   381
   101
   392
   170
   370
   270
   288
   243
   213
   390
   220
   515
   229
   495
   324
   388
   300
   346
   445
   265
   466
   239
   412
   225
   415
   306
   378
   334
   346
   411
   233
   413
   273
   533
   165
   385
   321
   298
   354
   169
   370
   279
   366
   228
   476
   264
   422
   235
   339
   466
   240
   378
   146
   529
   245
   419
   298
   217
   301
   238
   338
   153
   300
   237
   354
   116
   298
   180
   298
   292
   290
   413
   148
   419
   167
   439
   304
   275
   238
   281
   339
   284
   362
   213
   433
   239
   475
   260
   438
   297
   235
   375
   174
   507
   436
   704
   602
   645
   432
   651
   449
   387
   776
   320
   639
   551
   585
   615
   676
   551
   501
   604
   532
   605
   573
   584
   461
   689
   348
   546
   494
   501
   692
   436
   547
   433
   510
    97
   296
   352
   295
   304
   407
   375
   266
   550
   373
   667
   461
   467
   468
   598
   451
   533
   625
   378
   810
   431
   467
   385
   476
   419
   528
   434
   287
   416
    50
   372
   190
   310
   253
   325
   265
   205
   255
   119
   320
   219
   353
   193
   413
   169
   195
   265
   272
   308
   216
   366
    38
   312
    63
   271
   227
   196
   277
   148
   154
   -51
   187
   -53
   175
   -28
    60
   113
   117
    84
   128
   266
   -47
   280
   -76
   128
   -48
   -65
    49
     9
    39
   -99
   160
  -186
    18
   -56
    34
    30
    71
   -11
   -78
    20
   -89
   139
   -43
    75
  -153
    72
     1
   -24
   -11
    71
   210
   -83
   143
  -127
    74
   -31
   192
     0
   -22
   193
   -63
   101
   -31
   261
   -51
   172
    28
   -22
   146
   -46
    44
   114
   123
  -298
    76
  -196
   -41
   141
   100
   124
   102
   149
   -80
   242
   -81
   131
    96
   118
    64
    43
   131
    21
   207
   -57
   186
    43
   191
   -28
   -60
    56
    86
   101
  -135
   134
   -50
   138
  -103
    76
   -24
   -33
    69
  -127
   126
   -21
    39
   -90
   190
    16
   131
    -2
   -57
    73
   -41
    85
   -94
   136
  -112
   180
   -41
    36
   124
    27
   177
   -53
   104
   -89
   170
   -38
   157
   100
   -20
   201
    63
   194
    88
   120
    49
    72
     8
   137
   -26
    94
    -2
    -4
   171
    40
   236
   -42
   305
    91
   141
   130
    25
   118
    39
   205
   -28
   229
    80
   234
   132
   210
    91
    55
   165
   -13
   253
   -20
   221
    37
   208
   103
   119
   163
    15
   190
   -56
   221
    60
   159
    33
   196
    89
    91
   199
    10
   240
    65
   219
    60
   203
     6
    25
    -4
    97
   143
   -13
   259
   -88
   231
    64
   157
   127
   147
   162
    91
   219
   -22
   295
    32
   152
    83
   129
    42
    80
   130
   -52
   158
    -6
   162
   -28
   202
   125
   191
   111
    38
   177
    63
   215
   -67
   115
    64
   208
    49
   166
    44
   -24
   154
   -39
   226
    49
   240
    56
   202
   101
   124
   134
    89
   217
    80
   322
   -34
   218
    10
   133
    97
    19
   218
    60
   128
   -46
   227
    74
   283
    36
   136
   142
   -18
   202
    84
   284
   -26
   218
    -2
  -100
  -195
  -150
  -103
  -112
    -6
  -286
   -13
  -279
  -100
  -311
  -219
  -139
  -139
  -171
  -249
     0
  -306
     3
  -310
  -126
  -161
  -153
  -210
  -112
    18
  -246
   154
  -305
    10
   -38
    63
   112
    87
   187
    36
   170
  -123
    88
   -37
   102
  -162
  -122
   -38
  -243
  -124
  -145
  -128
  -172
   136
  -206
  -135
  -119
   -65
   -65
   -87
    16
   -12
   -30
  -196
   139
   -78
   151
    52
   161
   260
    92
   173
    29
   125
   -27
   231
    16
   119
   107
   129
   170
   106
   254
    37
   194
    58
   150
    98
   168
   152
   108
   155
   187
   221
   103
   257
   215
   389
   179
   367
   261
   217
   334
   182
   353
   185
   304
    81
   347
   221
   293
   420
   252
   302
   192
   404
   131
   420
   353
   446
   322
   273
   411
   326
   387
   165
   391
   206
   352
   173
   323
   324
   273
   333
   161
   327
   141
   401
   146
   315
   351
   307
   230
   201
   328
   247
   431
   184
   476
   260
   216
   243
   234
   230
   284
   344
   310
   511
   139
   507
   288
   394
   443
   374
   501
   157
   278
   234
   294
   206
   504
   162
   398
   412
   166
   442
   229
   351
   279
   512
   198
   332
   251
   349
   426
   270
   535
   337
   497
   281
   381
   267
   444
   288
   354
   416
   186
   391
   125
   366
   218
   455
   319
   322
   311
   308
   413
   280
   504
   225
   482
   277
   299
   292
   446
   259
   197
   470
   154
   501
   240
   378
   338
   331
   338
   333
   257
   273
   429
   198
   473
   199
   437
   196
   343
   343
   200
   490
   255
   401
   175
   330
   210
   425
   310
   319
   458
   364
   369
   302
   534
   270
   482
   268
   482
   362
   338
   396
   243
   464
   246
   488
   273
   425
   249
   338
   343
   283
   351
   207
   374
   236
   421
   172
   414
   254
   295
   264
   247
   367
   203
   477
   104
   357
   235
   381
   302
   323
   419
   288
   556
   263
   421
   352
   499
   299
   391
   401
   247
   457
   273
   310
   222
   264
   304
   338
   117
   408
   285
   216
   322
   261
   348
   135
   374
   117
   392
   290
   288
   283
   284
   408
   179
   453
   149
   381
   225
   333
   374
   250
   230
   238
   363
   213
   417
   193
   412
   157
   291
   245
   202
   352
   219
   354
   135
   376
   188
   303
   157
   286
   287
   229
   291
   168
   449
   259
   438
   152
   411
   214
   184
   428
   222
   348
   213
   400
   144
   316
   170
   433
   508
   511
   676
   452
   672
   462
   550
   390
   665
   499
   550
   605
   418
   612
   506
   640
   424
   585
   482
   593
   521
   685
   614
   504
   605
   362
   645
   366
   620
   461
   409
   337
   384
   339
   211
   433
   170
   470
   190
   386
   386
   380
   415
   554
   530
   422
   746
   326
   631
   505
   636
   502
   513
   562
   457
   635
   370
   635
   433
   539
   347
   361
   302
   310
   321
   204
   352
   285
   412
   128
   413
   196
   309
   327
   280
   353
   271
   375
   182
   381
   144
   468
   199
   272
   316
   168
   312
   233
   412
    93
   331
    70
   191
    11
   130
   141
   -88
   248
   -15
   155
   -59
   116
    91
   117
   -62
   102
    76
  -146
   143
  -135
   161
   -13
    36
   -40
    84
   -79
   -78
    95
  -192
   164
   -19
     6
     2
   178
   -22
    72
   130
    12
    17
   -73
   167
  -134
   176
   -33
    18
    29
   -18
   104
     7
    49
   -86
   152
  -108
    98
  -133
  -103
    27
    44
   149
    42
   190
   -40
   257
   -53
    70
   127
   -76
    76
   -35
   -15
    54
   129
     5
   220
    55
    82
    69
    84
   -12
    19
    87
   -17
   207
   -33
   172
  -118
    12
    84
    93
   129
   -88
    75
   -40
    68
   -50
   103
  -308
    64
    -3
  -206
   143
  -160
    19
   -17
    77
  -208
   179
   -53
   -40
   119
   -77
   136
   -77
   163
  -133
   163
   161
   147
    35
    11
    52
  -124
    76
  -134
   134
    29
   159
   -68
    87
    84
     8
   183
   -53
    96
   -50
   209
   -78
   137
   119
   170
   148
   -25
   200
     7
   142
  -167
   149
    83
   124
    21
   -48
    72
    37
   194
   -48
   153
   -12
   131
  -104
    94
    91
    -4
   112
   -87
   233
    18
   161
   -10
    85
    40
   104
     8
   -29
   180
    46
   261
   -37
   150
   -38
   104
    10
    44
   151
     1
   221
   -41
   160
    17
   121
   -42
   116
   133
   107
   177
   -48
   140
    52
   185
   -37
    99
    -5
   171
    87
    32
   143
   -12
   280
   -61
   126
    42
    74
    10
    75
    32
    43
   196
   -14
   280
    21
   145
     6
   134
    21
   106
   104
   -81
   290
   -27
   185
    -1
   162
    43
    46
    63
    13
   133
   -40
   221
   -36
   146
    84
   153
   113
   184
   157
   140
   116
    21
   231
   -74
   237
   -49
    92
    33
    28
   142
     5
   136
    14
   258
    22
   257
    32
    90
   121
    88
   142
    90
   180
  -114
   214
   -14
   139
    51
   101
    93
    11
   137
  -326
  -104
  -164
  -284
  -127
   -79
  -278
   -21
  -275
  -205
   -95
  -311
   -16
  -287
   -72
  -241
   -98
  -258
  -122
   -66
  -300
   -47
  -254
    64
  -322
  -156
  -208
  -159
   -49
  -188
    -3
    62
   209
  -102
   230
   -37
   168
    78
   -66
   101
   -84
   -49
  -342
  -147
  -273
   -37
  -224
  -200
   -92
   -95
  -103
  -206
   -50
   -79
   177
  -216
    36
   -69
     7
   -33
   -68
   156
    33
   215
  -107
   181
     5
    85
   -25
   105
    93
   -36
   156
   -24
   116
   -80
   238
  -150
   182
   141
    -8
   187
   -48
   199
    38
   196
   -32
   171
     2
   221
   215
   126
   473
   298
   394
   170
   282
   171
   347
   -15
   143
   240
    85
   291
    72
   253
   117
   332
   138
   229
   181
   290
   247
   210
   291
    70
   364
  -110
   283
   204
   163
   321
   248
   274
   178
   284
    65
   320
   171
   372
   175
   175
   160
   169
   317
   177
   475
   216
   267
    65
   291
   128
   265
   353
   120
   360
   186
   318
   162
   349
   192
   291
   173
   261
   299
   191
   400
   223
   454
   215
   403
   150
   263
   198
   149
   422
   284
   449
   242
   385
   173
   389
   265
   359
   400
   188
   306
   269
   416
   215
   481
   269
   400
   285
   415
   400
   206
   526
   233
   452
   348
   409
   316
   376
   292
   372
   349
   228
   554
   287
   361
   413
   500
   226
   494
   348
   327
   427
   180
   485
   337
   460
   186
   407
   287
   305
   326
   259
   470
   285
   435
   187
   466
   211
   347
   397
   216
   442
   256
   369
   325
   376
   325
   358
   153
   351
   263
   339
   327
   157
   457
   268
   439
   209
   423
   251
   324
   315
   194
   389
   265
   365
    13
   450
   241
   327
   258
   263
   380
   193
   377
   115
   414
   208
   429
   267
   268
   314
   264
   353
   241
   424
    97
   357
   217
   378
   310
   369
   285
   223
   383
   145
   452
   173
   462
   340
   416
   409
   330
   356
   249
   460
   355
   503
   208
   422
   296
   326
   297
   333
   360
   313
   467
   187
   399
    81
   364
   279
   317
   302
   239
   335
   206
   425
    99
   418
   248
   342
   290
   318
   358
   324
   429
   213
   463
   247
   412
   205
   408
   388
   334
   328
   265
   465
   185
   448
   265
   444
   278
   340
   294
   248
   430
   307
   457
   259
   373
   155
   405
   241
   358
   386
   275
   420
   243
   389
   194
   419
   191
   368
   281
   401
   408
   241
   307
   344
   829
   553
   845
   451
   569
   502
   431
   647
   558
   798
   395
   706
   460
   593
   617
   612
   667
   569
   497
   409
   664
   396
   754
   614
   578
   473
   564
   530
   424
   673
   540
   630
   341
   367
   291
   461
   195
   418
   457
   311
   659
   410
   569
   424
   683
   493
   693
   614
   485
   602
   419
   616
   413
   685
   446
   588
   328
   422
   580
   454
   598
   389
   525
    55
   380
   201
   242
   484
   283
   342
   234
   295
   164
   367
   380
   402
   238
   371
   174
   198
   341
   274
   416
   201
   422
   194
   386
   129
   223
   360
   246
   369
    86
   222
   -82
    35
    36
   263
    66
   181
   117
   -57
   290
   -93
   172
   -24
    51
    10
    65
   -65
    40
   150
   -35
   196
  -123
    80
   -65
    67
   -24
   177
    72
    33
   193
  -201
    97
    19
   228
   -26
   152
    83
   -66
    -1
    39
   168
    17
   246
  -121
    55
   -56
   -56
   -90
    75
    63
    11
   155
  -263
   135
   -41
    91
    36
   148
   102
     7
    21
   -96
   240
   -47
    82
  -129
    21
   -41
    65
    36
    -8
   178
   -19
   231
   -61
    75
  -139
   112
    69
    -1
   168
    48
    77
   -77
   306
   124
   286
   -24
   137
    76
  -107
   122
   -50
   153
    12
   197
   -90
   103
    85
   128
   122
    -1
    67
  -124
    42
  -109
   163
  -100
    47
    50
   -37
   -32
   -14
   120
   -84
   174
  -106
    78
    12
    72
    43
   100
   219
    95
   155
     8
   174
   -79
   164
    38
   204
   150
    85
   136
   -66
   247
    59
   255
   121
   261
    79
    89
    70
    11
   187
    51
   178
   -19
   233
    11
   228
   112
   165
   243
   109
   279
   -59
   227
    -5
   265
   103
   137
   272
    34
   137
   -50
   139
   124
   164
   -70
   281
   151
   117
   196
    92
   179
    79
   290
    10
   273
   171
   269
    72
   138
   145
     1
   270
   -75
   226
    27
   113
    14
   106
   102
    26
   124
    85
   297
     7
   182
   -22
   147
    48
   109
   204
    35
   264
    36
   176
    73
    44
    64
   152
   -41
   102
    57
   -21
   144
   -37
   225
    23
   182
    88
   186
     8
    64
   182
   -73
   170
    45
   156
  -104
   185
    97
   171
   125
   110
   255
    17
   177
   -81
   285
    91
   180
   163
    61
    52
   100
   143
   -32
   275
   -79
   186
    72
   146
    87
    93
   150
     1
   253
   -48
    82
   -63
   153
   134
   196
   121
    57
    75
    26
   255
  -100
    76
   -33
   -45
  -300
  -159
  -175
  -213
    -5
  -175
   -84
  -298
  -139
  -470
  -191
  -300
  -188
   -31
  -322
  -147
  -329
  -157
  -397
   -18
  -175
  -172
   -19
  -191
  -177
  -126
     1
  -163
    46
  -238
    16
  -145
     1
    81
    71
   182
   -89
   134
  -242
    48
  -127
  -237
   -87
  -154
  -257
  -177
   -96
  -179
   -90
  -295
     9
  -230
   -83
  -236
  -155
     2
   -79
    14
  -152
    69
  -141
    53
  -141
   189
    92
   119
   142
  -142
   131
  -103
   241
    31
   202
    30
    82
    69
  -121
   160
    75
   225
   -20
   138
   -80
    98
   107
   133
   168
    40
   157
    52
   239
    -3
   323
   210
   455
   254
   108
   321
    99
   307
    73
   422
   198
   223
   140
   167
   194
   223
   419
   191
   376
   137
   342
   143
   233
   249
   346
   322
   174
   234
    -8
   326
    83
   359
   322
   348
   222
   186
   293
   223
   364
    55
   306
   132
   285
    26
   219
   363
   193
   411
    89
   234
   202
   287
   127
   271
   223
   217
   185
   147
   202
   141
   329
   166
   454
   156
   428
   288
   172
   318
   190
   457
   167
   311
    88
   363
   312
   395
   409
   306
   301
    89
   314
   129
   460
   195
   261
   282
   314
   150
   177
   342
   160
   591
   229
   444
   318
   221
   156
   361
   443
   324
   490
   212
   439
   201
   361
   229
   342
   281
   274
   317
   165
   394
   111
   380
   229
   308
   177
   265
   249
   269
   337
   127
   358
   110
   310
    75
   331
   328
   222
   300
   256
   329
   132
   286
    96
   358
   228
   356
   300
   199
   275
   274
   361
   226
   469
   154
   338
   222
   274
   231
   265
   337
   209
   399
   171
   473
   240
   381
   277
   301
   275
   266
   452
   123
   329
   218
   360
   200
   345
   190
   281
   351
   230
   421
   201
   437
   251
   385
   236
   376
   281
   243
   304
   168
   371
   134
   403
   283
   457
   338
   352
   243
   270
   424
   278
   480
   194
   419
   159
   340
   299
   393
   335
   211
   428
   162
   515
   147
   371
   257
   291
   303
   211
   303
   133
   459
   220
   409
   240
   282
   314
   396
   260
   207
   332
   255
   504
   183
   415
   275
   362
   183
   248
   361
   216
   365
   135
   347
   234
   438
   170
   362
   303
   269
   387
   151
   387
   198
   431
   207
   393
   233
   379
   314
   139
   388
   104
   378
   196
   366
   249
   424
   236
   172
   375
   277
   414
   142
   335
   218
   394
   218
   277
   428
   540
   743
   620
   751
   516
   539
   511
   555
   526
   610
   560
   735
   565
   516
   720
   339
   709
   576
   628
   571
   595
   546
   505
   597
   411
   717
   509
   547
   467
   511
   295
   407
   415
   334
   391
   216
   395
   112
   524
   330
   533
   593
   471
   621
   510
   632
   509
   758
   384
   727
   519
   468
   574
   352
   588
   435
   666
   392
   520
   359
   332
   392
   372
   360
   309
   316
   223
   409
   218
   548
   283
   401
   267
   181
   291
   174
   404
   150
   438
   207
   320
   190
   185
   206
   237
   379
   203
   327
   137
   262
   108
   305
   125
   300
    37
   -81
   257
   -61
   170
   129
   218
   -43
   222
   -34
    44
   197
    28
   188
   -17
   197
  -162
   116
    -4
    53
   140
   113
   111
   -66
    62
   -48
   219
   -60
   291
    75
    -1
   100
   -38
   140
    52
   152
   -59
   246
     7
    13
   -14
    18
   109
   127
    98
   -55
   195
   -88
   215
   -21
    85
   118
    71
    96
   -53
   169
   -62
   235
   169
   172
   -16
   172
   -11
  -118
   116
    24
   329
   118
   254
    55
   206
   113
   256
   211
   -68
   154
   122
   176
   -27
   339
     9
   206
    64
   -24
   178
     2
   187
    -7
   236
   -12
   129
   -46
    60
    75
    81
   138
   -91
   137
  -134
   155
   -56
    83
    72
    64
    26
   -56
    31
   -31
   205
  -173
   202
   109
   128
   100
    60
    83
    60
   242
  -138
   185
     4
    29
   207
   179
    56
   164
   145
   -48
   138
    58
   268
    91
   203
    85
   259
   167
    46
   164
    34
   261
   -10
   244
    48
   205
    77
    70
   174
    48
   259
    25
   167
   -24
   194
   -30
   105
    73
    32
   163
   -20
   152
   -60
   157
   -55
   147
    33
    55
    49
    12
   148
    60
   238
   -14
   233
    55
   244
    38
   130
   180
    65
   228
   -46
   328
   -10
    57
    10
   123
    54
    67
   109
   -60
   209
    18
   121
   -58
    73
   -49
   159
    -6
     3
   172
   -77
   213
   -35
   174
    54
   129
    49
   125
    99
    74
   129
   -59
   230
   -32
   245
    49
    61
    71
    22
    19
   108
   220
     5
   222
   -97
   159
     6
   199
   156
   -28
   148
    14
   165
    40
   208
   -10
   246
   158
   108
   141
   107
    84
   -11
   278
    81
   226
    70
   186
    27
   112
    70
    63
   232
    22
   256
    -1
   134
   -37
   189
    85
    32
   104
    14
   170
   -60
   173
     2
   171
    32
   264
   162
    27
    85
   -99
   129
  -293
   -74
  -204
   -67
  -129
  -152
   -37
  -187
  -135
  -264
   -72
  -166
     8
  -308
  -114
  -159
  -290
  -138
  -284
  -237
  -136
   -25
  -388
    11
  -192
   -79
   -54
   -52
    61
   -24
   198
  -115
   185
    31
   193
    59
    36
   -38
   -84
    66
  -210
   -30
  -219
   -35
  -217
   -59
  -199
   -92
   -51
  -274
     1
  -178
   -35
  -190
   -13
  -149
    52
   -31
   -80
   110
     0
   118
    14
   121
    -4
   263
  -132
   150
   196
   -64
   312
   -21
    75
   189
   133
   -28
   160
    18
    47
    97
    62
    61
   132
   123
  -176
   209
    24
   288
   173
   180
   316
   197
   346
   174
   404
   124
   299
   129
   170
   203
   284
   320
    93
   280
     0
   354
   170
   197
   264
   389
   257
   156
   264
   105
   361
   159
   351
   132
   258
   227
   290
   168
    65
   413
   133
   352
   175
   202
    17
   216
   232
   288
   387
   106
   308
   207
   251
   149
   447
   164
   371
   376
   157
   295
   186
   381
   194
   334
   139
   364
   177
   287
   298
   221
   442
   247
   573
   269
   292
   149
   279
   154
   231
   310
   260
   457
   103
   422
   289
   394
   223
   256
   189
   336
   382
    81
   475
   193
   348
   196
   284
   265
   440
   399
   316
   475
   169
   402
   199
   420
   293
   452
   343
   313
   461
   314
   465
   236
   477
   364
   444
   220
   417
   319
   289
   447
   194
   375
   224
   472
   186
   396
   271
   287
   387
   265
   346
   259
   506
   153
   428
   320
   365
   334
   262
   304
   323
   384
   218
   444
   197
   392
   255
   359
   252
   298
   327
   290
   502
   173
   425
   192
   451
   291
   320
   329
   169
   308
   180
   397
   178
   373
   208
   368
   282
   323
   412
   372
   457
   192
   441
   227
   398
   226
   356
   286
   283
   370
   160
   342
   124
   402
   190
   337
   250
   275
   354
   218
   352
   246
   372
   219
   462
   276
   323
   360
   227
   273
   299
   284
   298
   402
   160
   371
   229
   359
   305
   359
   294
   205
   366
   268
   416
    74
   363
   291
   320
   256
   257
   284
   192
   346
   146
   446
   193
   380
   257
   274
   231
   226
   448
   298
   420
   173
   377
   147
   455
   266
   256
   408
   257
   418
   155
   458
   198
   337
   122
   245
   241
   126
   313
   104
   270
   181
   281
    30
   287
   125
   296
   304
   204
   351
   152
   413
   151
   397
   177
   292
   233
   207
   255
   178
   304
   152
   675
   434
   452
   453
   595
   553
   563
   556
   457
   670
   417
   707
   502
   618
   506
   614
   601
   472
   616
   411
   587
   459
   575
   506
   673
   349
   533
   542
   332
   614
   315
   434
   327
   466
   237
   311
   307
   302
   385
   341
   417
   376
   446
   298
   768
   420
   500
